# WAT Version : 6.3.0.0 - GIT Revision : 96ad788623c4de9d20a6c6a8795c09baa7043d66 - Tag/Branch : cWB-6.3.0 
# trigger 1 in lag 0 for 
nevent:     1
ndim:       3
run:        1
name:       ../waveform/t_hplus_APR4_q09.txt
rho:        9.482913
netCC:      0.908020
netED:      0.005364
penalty:    1.028173
gnet:       0.597793
anet:       0.141826
inet:       0.000000
likelihood: 2.935383e+02
ecor:       3.605506e+02
ECOR:       1.849182e+02
factor:     1.000000
range:      0.000000
mchirp:     0.000000
norm:       5.753189
usize:      0
ifo:        L1 H1 V1 
eventID:    1 0 
rho:        9.482913 3.449134 
type:       1 1 
rate:       0 0 0 
volume:     220 46 0 
size:       47 47 0 
lag:        0.000000 0.000000 0.000000 
slag:       0.000000 0.000000 0.000000 
phi:        144.863007 145.365631 93.488297 144.863007 
theta:      26.927382 26.053856 63.072620 26.927382 
psi:        0.000000 135.073029 
iota:       0.000000 -0.092063 
bp:         -0.0754  0.3314 -0.1988 
inj_bp:     -0.5187  0.6073 -0.5383 
bx:          0.5154 -0.6045  0.5388 
inj_bx:     -0.0827  0.3368 -0.2111 
chirp:      0.000000 1.200000 0.115848 0.376500 0.888889 0.933271 
range:      0.000000 20.410601 
Deff:       0.000000 0.000000 0.000000 
mass:       0.000000 0.000000 
spin:       0.000000 0.000000 0.000000 0.000000 0.000000 0.000000 
eBBH:       0.000000 0.000000 0.000000 0.000000 
null:       1.935095e+00 4.076095e+00 1.420613e+01 
strain:     7.504721e-23 1.744195e-22 
hrss:       3.990003e-23 4.811601e-23 4.153217e-23 
inj_hrss:   4.537266e-23 5.312040e-23 4.707929e-23 
noise:      4.452477e-24 4.489254e-24 4.163818e-24 
segment:    1164556000.0000 1164556810.0000 1164556000.0000 1164556810.0000 1164556000.0000 1164556810.0000 
start:      1164556494.8828 1164556494.8828 1164556494.8828 
time:       1164556494.8990 1164556494.8909 1164556494.8958 
stop:       1164556494.9375 1164556494.9375 1164556494.9375 
inj_time:   1164556494.8948 1164556494.8868 1164556494.8917 
left:       494.882812 494.882812 494.882812 
right:      315.062500 315.062500 315.062500 
duration:   0.005185 0.054688 
frequency:  792.049194 767.726379 
low:        576.000000 
high:       1216.000000 
bandwidth:  118.022102 640.000000 
snr:        8.234872e+01 1.155497e+02 1.300820e+02 
xSNR:       8.265208e+01 1.143988e+02 1.125162e+02 
sSNR:       8.295656e+01 1.132594e+02 9.732233e+01 
iSNR:       76.439186 103.150414 98.148056 
oSNR:       82.956558 113.259415 97.322327 
ioSNR:      70.201950 93.660095 83.940521 
netcc:      0.908020 0.901661 0.961473 0.952982 
neted:      1.934101 51.812366 327.980438 804.362671 952.651428 
erA:         0.793  0.000  0.000  0.000  0.458  0.458  0.648  0.648  0.648  0.793 767.628 
sky_res:    0.458065
map_lenght: 11
#skyID  theta   DEC     step   phi     R.A    step  probability    cumulative
 10629   26.9   63.1    0.35  144.9   93.5    1.23  3.240176e-01  3.240176e-01
 11220   27.7   62.3    0.35  144.6   93.2    1.20  2.512291e-01  5.752466e-01
 10054   26.2   63.8    0.35  145.1   93.8    1.27  2.427052e-01  8.179519e-01
  9495   25.4   64.6    0.35  145.4   94.1    1.30  1.116398e-01  9.295917e-01
 11827   28.4   61.6    0.35  144.4   93.0    1.17  3.443879e-02  9.640305e-01
  4038   16.5   73.5    0.35  157.0  105.6    2.00  1.199917e-02  9.760297e-01
  3861   16.1   73.9    0.35  158.5  107.1    2.05  4.498248e-03  9.805279e-01
  3518   15.4   74.6    0.35  159.6  108.3    2.14  3.456154e-03  9.839841e-01
  8952   24.7   65.3    0.35  145.7   94.4    1.34  2.894130e-03  9.868782e-01
  8687   24.3   65.7    0.35  146.6   95.2    1.36  2.231301e-03  9.891095e-01
 10054   26.2   63.8    0.35  145.1   93.8    1.27  2.427052e-01  0.000000e+00
