# WAT Version : 6.3.0.0 - GIT Revision : 96ad788623c4de9d20a6c6a8795c09baa7043d66 - Tag/Branch : cWB-6.3.0 
# trigger 1 in lag 0 for 
nevent:     1
ndim:       3
run:        1
name:       /home/cwb/waveburst/forme_onda/t_hplus_SHT2.0spinf1.txt
rho:        29.891541
netCC:      0.901768
netED:      0.024582
penalty:    1.268013
gnet:       0.567535
anet:       0.267563
inet:       0.000000
likelihood: 4.462351e+03
ecor:       4.502671e+03
ECOR:       2.265949e+03
factor:     2.000000
range:      0.000000
mchirp:     0.000000
norm:       10.198571
usize:      0
ifo:        L1 H1 V1 
eventID:    1 0 
rho:        29.891541 21.193052 
type:       1 1 
rate:       0 0 0 
volume:     1192 581 0 
size:       596 587 0 
lag:        0.000000 0.000000 0.000000 
slag:       0.000000 0.000000 0.000000 
phi:        315.351562 315.072632 263.976868 315.351562 
theta:      76.751984 75.710701 13.248014 76.751984 
psi:        0.000000 179.116806 
iota:       0.000000 -0.956404 
bp:          0.7092 -0.3310 -0.5313 
inj_bp:      0.7174 -0.3404 -0.5424 
bx:          0.0332 -0.1409  0.2160 
inj_bx:      0.0615 -0.1607  0.2146 
chirp:      0.000000 3.000000 0.029176 0.752044 0.826690 0.888800 
range:      0.000000 10.342900 
Deff:       0.000000 0.000000 0.000000 
mass:       0.000000 0.000000 
spin:       0.000000 0.000000 0.000000 0.000000 0.000000 0.000000 
eBBH:       0.000000 0.000000 0.000000 0.000000 
null:       7.471967e+01 1.649673e+02 2.812708e+01 
strain:     2.936892e-22 3.441971e-22 
hrss:       2.060498e-22 1.118139e-22 1.769025e-22 
inj_hrss:   2.263978e-22 1.072111e-22 1.711741e-22 
noise:      3.800009e-23 3.896474e-23 4.381846e-24 
segment:    1164556000.0000 1164556810.0000 1164556000.0000 1164556810.0000 1164556000.0000 1164556810.0000 
start:      1164556494.6250 1164556494.6250 1164556494.6250 
time:       1164556494.9011 1164556494.9086 1164556494.9040 
stop:       1164556495.3750 1164556495.3750 1164556495.3750 
inj_time:   1164556494.9019 1164556494.9093 1164556494.9048 
left:       494.625000 494.625000 494.625000 
right:      314.625000 314.625000 314.625000 
duration:   0.013639 0.750000 
frequency:  740.907593 647.668335 
low:        514.000000 
high:       2688.000000 
bandwidth:  161.510864 2174.000000 
snr:        2.579422e+03 7.273957e+02 1.564661e+03 
xSNR:       2.389662e+03 6.580062e+02 1.608347e+03 
sSNR:       2.213863e+03 5.952360e+02 1.653252e+03 
iSNR:       2264.294922 500.440308 1469.549805 
oSNR:       2213.862549 595.236023 1653.251831 
ioSNR:      2171.733154 500.373108 1467.763794 
netcc:      0.901768 0.854748 0.945980 0.924806 
neted:      110.685974 517.915466 4871.479004 22572.843750 24971.820312 
erA:        159.977  0.000  0.000  0.000  0.000  0.000  0.000  0.000  0.000  0.000 20875.969 
sky_res:    0.458065
map_lenght: 2
#skyID  theta   DEC     step   phi     R.A    step  probability    cumulative
 75968   76.8   13.2    0.35  315.4  264.0    0.70  1.000000e+00  1.000000e+00
 74432   75.8   14.2    0.35  315.0  263.6    0.70  0.000000e+00  0.000000e+00
