# WAT Version : 6.3.0.0 - GIT Revision : 96ad788623c4de9d20a6c6a8795c09baa7043d66 - Tag/Branch : cWB-6.3.0 
# trigger 1 in lag 0 for 
nevent:     1
ndim:       3
run:        1
name:       /home/cwb/waveburst/forme_onda/t_hplus_SHT2.0spinf1.txt
rho:        72.849678
netCC:      0.948534
netED:      0.004105
penalty:    1.051111
gnet:       0.683455
anet:       0.476477
inet:       0.000000
likelihood: 4.700053e+04
ecor:       2.230021e+04
ECOR:       1.115665e+04
factor:     4.000000
range:      0.000000
mchirp:     0.000000
norm:       11.366597
usize:      0
ifo:        L1 H1 V1 
eventID:    1 0 
rho:        72.849678 51.052956 
type:       1 1 
rate:       0 0 0 
volume:     3569 1914 0 
size:       1984 1969 0 
lag:        0.000000 0.000000 0.000000 
slag:       0.000000 0.000000 0.000000 
phi:        1.757812 1.521168 310.383118 1.757812 
theta:      70.528778 75.193733 19.471220 70.528778 
psi:        0.000000 97.992172 
iota:       0.000000 -0.711088 
bp:          0.2568  0.1517 -0.7912 
inj_bp:     -0.3668 -0.0221  0.8510 
bx:          0.4393 -0.4811 -0.4475 
inj_bx:     -0.3404  0.5091  0.2087 
chirp:      0.000000 1.200000 0.022970 0.791979 0.725162 0.782996 
range:      0.000000 2.415970 
Deff:       0.000000 0.000000 0.000000 
mass:       0.000000 0.000000 
spin:       0.000000 0.000000 0.000000 0.000000 0.000000 0.000000 
eBBH:       0.000000 0.000000 0.000000 0.000000 
null:       3.308676e+02 2.664922e+02 6.148267e+01 
strain:     1.056228e-21 1.473530e-21 
hrss:       4.027997e-22 3.994052e-22 8.909800e-22 
inj_hrss:   3.897067e-22 2.348328e-23 9.033943e-22 
noise:      4.530173e-23 4.542345e-23 5.168605e-24 
segment:    1164556000.0000 1164556810.0000 1164556000.0000 1164556810.0000 1164556000.0000 1164556810.0000 
start:      1164556494.2500 1164556494.2500 1164556494.2500 
time:       1164556494.9016 1164556494.9064 1164556494.8851 
stop:       1164556495.3750 1164556495.3750 1164556495.3750 
inj_time:   1164556494.8854 1164556494.8908 1164556494.8689 
left:       494.250000 494.250000 494.250000 
right:      314.625000 314.625000 314.625000 
duration:   0.015235 1.125000 
frequency:  821.446472 722.793335 
low:        514.000000 
high:       3456.000000 
bandwidth:  305.057434 2942.000000 
snr:        7.025688e+03 9.690643e+02 4.015596e+04 
xSNR:       6.916154e+03 7.362795e+02 3.989352e+04 
sSNR:       6.808328e+03 5.594133e+02 3.963279e+04 
iSNR:       6690.327148 24.108284 40164.445312 
oSNR:       6808.328125 559.413269 39632.785156 
ioSNR:      6675.966797 16.729549 39576.820312 
netcc:      0.948534 0.941855 0.934883 0.975236 
neted:      91.542847 1620.171265 48150.718750 267980.000000 274621.625000 
erA:        161.023  0.000  0.000  0.000  0.000  0.000  0.000  0.000  0.000  0.000 261353.281 
sky_res:    0.458065
map_lenght: 2
#skyID  theta   DEC     step   phi     R.A    step  probability    cumulative
 65282   70.5   19.5    0.35    1.8  310.4    0.70  1.000000e+00  1.000000e+00
 72962   75.2   14.8    0.35    1.4  310.0    0.70  0.000000e+00  0.000000e+00
