# WAT Version : 6.3.0.0 - GIT Revision : 96ad788623c4de9d20a6c6a8795c09baa7043d66 - Tag/Branch : cWB-6.3.0 
# trigger 1 in lag 0 for 
nevent:     1
ndim:       3
run:        1
name:       ../waveform/t_hplus_APR4_q09.txt
rho:        26.834599
netCC:      0.913041
netED:      0.035227
penalty:    1.888029
gnet:       0.606844
anet:       0.133250
inet:       0.000000
likelihood: 4.420411e+03
ecor:       5.347142e+03
ECOR:       2.719122e+03
factor:     1.000000
range:      0.000000
mchirp:     0.000000
norm:       7.210224
usize:      0
ifo:        L1 H1 V1 
eventID:    1 0 
rho:        26.834599 8.360315 
type:       1 1 
rate:       0 0 0 
volume:     788 210 0 
size:       213 212 0 
lag:        0.000000 0.000000 0.000000 
slag:       0.000000 0.000000 0.000000 
phi:        146.250000 145.365631 94.875282 146.250000 
theta:      25.051916 26.053856 64.948082 25.051916 
psi:        0.000000 135.073029 
iota:       0.000000 -0.092063 
bp:         -0.0993  0.3529 -0.2341 
inj_bp:     -0.5187  0.6073 -0.5383 
bx:          0.5211 -0.6057  0.5331 
inj_bx:     -0.0827  0.3368 -0.2111 
chirp:      0.000000 1.400000 0.069208 0.331608 0.637681 0.882685 
range:      0.000000 5.054800 
Deff:       0.000000 0.000000 0.000000 
mass:       0.000000 0.000000 
spin:       0.000000 0.000000 0.000000 0.000000 0.000000 0.000000 
eBBH:       0.000000 0.000000 0.000000 0.000000 
null:       8.320029e+01 5.510971e+01 1.427642e+02 
strain:     3.090081e-22 7.042808e-22 
hrss:       1.546479e-22 2.107545e-22 1.647805e-22 
inj_hrss:   1.832082e-22 2.144925e-22 1.900994e-22 
noise:      1.297593e-23 1.332942e-23 4.777675e-24 
segment:    1164556000.0000 1164556810.0000 1164556000.0000 1164556810.0000 1164556000.0000 1164556810.0000 
start:      1164556494.8438 1164556494.8438 1164556494.8438 
time:       1164556494.8990 1164556494.8911 1164556494.8960 
stop:       1164556494.9531 1164556494.9531 1164556494.9531 
inj_time:   1164556494.8948 1164556494.8868 1164556494.8917 
left:       494.843750 494.843750 494.843750 
right:      315.046875 315.046875 315.046875 
duration:   0.005986 0.109375 
frequency:  833.381775 814.743652 
low:        528.000000 
high:       2432.000000 
bandwidth:  229.571991 1904.000000 
snr:        1.316001e+03 1.740118e+03 1.746811e+03 
xSNR:       1.232297e+03 1.794104e+03 1.573137e+03 
sSNR:       1.153916e+03 1.849764e+03 1.416730e+03 
iSNR:       1245.175171 1681.497681 1598.544678 
oSNR:       1153.916016 1849.764160 1416.730469 
ioSNR:      1154.344482 1696.760742 1414.845459 
netcc:      0.913041 0.817186 0.960148 0.898449 
neted:      188.364395 399.932465 4802.930176 16031.988281 17349.449219 
erA:        197.925  0.000  0.000  0.000  0.000  0.000  0.000  0.000  0.000  0.000 14406.876 
sky_res:    0.458065
map_lenght: 2
#skyID  theta   DEC     step   phi     R.A    step  probability    cumulative
  9222   25.1   64.9    0.35  146.2   94.9    1.32  9.999865e-01  9.999865e-01
 10054   26.2   63.8    0.35  145.1   93.8    1.27  0.000000e+00  0.000000e+00
