# WAT Version : 6.3.0.0 - GIT Revision : 96ad788623c4de9d20a6c6a8795c09baa7043d66 - Tag/Branch : cWB-6.3.0 
# trigger 1 in lag 0 for 
nevent:     1
ndim:       3
run:        1
name:       /home/cwb/waveburst/forme_onda/t_hplus_SHT2.0spinf1.txt
rho:        66.344818
netCC:      0.925528
netED:      0.026033
penalty:    1.582994
gnet:       0.447716
anet:       0.265498
inet:       0.000000
likelihood: 2.934588e+04
ecor:       2.757401e+04
ECOR:       1.393553e+04
factor:     5.000000
range:      0.000000
mchirp:     0.000000
norm:       11.345778
usize:      0
ifo:        L1 H1 V1 
eventID:    1 0 
rho:        66.344818 46.109528 
type:       1 1 
rate:       0 0 0 
volume:     3220 1698 0 
size:       1755 1738 0 
lag:        0.000000 0.000000 0.000000 
slag:       0.000000 0.000000 0.000000 
phi:        153.632812 152.140640 102.258102 153.632812 
theta:      51.317814 55.628723 38.682186 51.317814 
psi:        0.000000 171.500946 
iota:       0.000000 -0.157952 
bp:         -0.0825  0.4622 -0.3026 
inj_bp:     -0.0891  0.4606 -0.3903 
bx:          0.2823 -0.2656  0.3705 
inj_bx:      0.2421 -0.1098  0.2512 
chirp:      0.000000 1.200000 0.023176 0.782710 0.751052 0.788435 
range:      0.000000 1.294670 
Deff:       0.000000 0.000000 0.000000 
mass:       0.000000 0.000000 
spin:       0.000000 0.000000 0.000000 0.000000 0.000000 0.000000 
eBBH:       0.000000 0.000000 0.000000 0.000000 
null:       5.764316e+02 1.424194e+02 4.842191e+02 
strain:     8.351530e-22 2.749736e-21 
hrss:       2.136248e-22 6.713669e-22 4.484544e-22 
inj_hrss:   1.202100e-22 6.215662e-22 5.267585e-22 
noise:      3.073525e-23 3.126499e-23 5.355688e-24 
segment:    1164556000.0000 1164556810.0000 1164556000.0000 1164556810.0000 1164556000.0000 1164556810.0000 
start:      1164556494.5000 1164556494.5000 1164556494.5000 
time:       1164556494.9009 1164556494.8912 1164556494.9020 
stop:       1164556495.5000 1164556495.5000 1164556495.5000 
inj_time:   1164556494.8955 1164556494.8857 1164556494.8964 
left:       494.500000 494.500000 494.500000 
right:      314.500000 314.500000 314.500000 
duration:   0.015433 1.000000 
frequency:  795.964905 733.650879 
low:        514.000000 
high:       3520.000000 
bandwidth:  351.453491 3006.000000 
snr:        1.207726e+03 1.679861e+04 1.379572e+04 
xSNR:       1.323264e+03 1.737289e+04 1.170388e+04 
sSNR:       1.449854e+03 1.796680e+04 9.929224e+03 
iSNR:       640.304565 16621.861328 13750.583984 
oSNR:       1449.853882 17966.798828 9929.223633 
ioSNR:      826.438171 17121.121094 11502.365234 
netcc:      0.925528 0.861872 0.941945 0.933138 
neted:      717.830933 1916.133423 31802.054688 172102.484375 181097.750000 
erA:         0.648  0.000  0.000  0.000  0.000  0.000  0.000  0.000  0.000  0.000 160601.891 
sky_res:    0.458065
map_lenght: 2
#skyID  theta   DEC     step   phi     R.A    step  probability    cumulative
 36826   51.3   38.7    0.35  153.6  102.3    0.70  1.000000e+00  1.000000e+00
 42968   55.8   34.2    0.35  152.2  100.9    0.70  1.143561e-19  0.000000e+00
