# WAT Version : 6.3.0.0 - GIT Revision : 96ad788623c4de9d20a6c6a8795c09baa7043d66 - Tag/Branch : cWB-6.3.0 
# trigger 1 in lag 0 for 
nevent:     1
ndim:       3
run:        1
name:       /home/cwb/waveburst/forme_onda/t_hplus_SHT2.0spinf1.txt
rho:        19.127132
netCC:      0.876869
netED:      0.008426
penalty:    1.040220
gnet:       0.676556
anet:       0.234284
inet:       0.000000
likelihood: 2.115862e+03
ecor:       1.499547e+03
ECOR:       7.611234e+02
factor:     3.000000
range:      0.000000
mchirp:     0.000000
norm:       9.283356
usize:      0
ifo:        L1 H1 V1 
eventID:    1 0 
rho:        19.127132 13.571923 
type:       1 1 
rate:       0 0 0 
volume:     780 336 0 
size:       349 344 0 
lag:        0.000000 0.000000 0.000000 
slag:       0.000000 0.000000 0.000000 
phi:        218.320312 184.606262 166.945602 218.320312 
theta:      70.528778 118.861694 19.471220 70.528778 
psi:        0.000000 27.705667 
iota:       0.000000 0.459513 
bp:          0.1335  0.1110 -0.2121 
inj_bp:     -0.2533  0.4693 -0.0464 
bx:         -0.7049  0.8455  0.3102 
inj_bx:     -0.4171  0.1152  0.9631 
chirp:      0.000000 1.200000 0.078741 0.763061 0.852410 0.864699 
range:      0.000000 5.058490 
Deff:       0.000000 0.000000 0.000000 
mass:       0.000000 0.000000 
spin:       0.000000 0.000000 0.000000 0.000000 0.000000 0.000000 
eBBH:       0.000000 0.000000 0.000000 0.000000 
null:       3.744887e+01 1.707475e+01 6.651644e+01 
strain:     1.964956e-22 7.037668e-22 
hrss:       9.779019e-23 1.667078e-22 3.544154e-23 
inj_hrss:   1.033841e-22 1.912564e-22 1.894834e-23 
noise:      9.799749e-24 9.125823e-24 4.076835e-24 
segment:    1164556000.0000 1164556810.0000 1164556000.0000 1164556810.0000 1164556000.0000 1164556810.0000 
start:      1164556494.6250 1164556494.6250 1164556494.6250 
time:       1164556494.9015 1164556494.8981 1164556494.9240 
stop:       1164556495.3750 1164556495.3750 1164556495.3750 
inj_time:   1164556494.8974 1164556494.8940 1164556494.9142 
left:       494.625000 494.625000 494.625000 
right:      314.625000 314.625000 314.625000 
duration:   0.013259 0.750000 
frequency:  702.413391 625.501099 
low:        516.000000 
high:       1920.000000 
bandwidth:  114.394753 1404.000000 
snr:        5.104025e+02 1.641078e+03 2.015281e+02 
xSNR:       5.201328e+02 1.574684e+03 1.228086e+02 
sSNR:       5.300486e+02 1.510976e+03 7.483796e+01 
iSNR:       473.980591 1586.330322 18.131197 
oSNR:       530.048584 1510.975708 74.837959 
ioSNR:      464.846710 1470.595459 14.582578 
netcc:      0.876869 0.865207 0.886847 0.918494 
neted:      12.635254 294.098328 2353.008545 9853.634766 11053.914062 
erA:        105.306  0.000  0.000  0.000  0.000  0.000  0.000  0.000  0.458  0.648 9051.904 
sky_res:    0.458065
map_lenght: 7
#skyID  theta   DEC     step   phi     R.A    step  probability    cumulative
 65590   70.5   19.5    0.35  218.3  166.9    0.70  7.722213e-01  7.722213e-01
 59448   66.7   23.3    0.35  219.7  168.4    0.70  1.118779e-01  8.840992e-01
 86062   82.8    7.2    0.35  212.7  161.3    0.70  3.792110e-02  9.220203e-01
 79920   79.2   10.8    0.35  214.1  162.7    0.70  2.894775e-02  9.509680e-01
 51260   61.4   28.6    0.35  222.5  171.2    0.70  2.544919e-02  9.764172e-01
 73778   75.5   14.5    0.35  215.5  164.1    0.70  1.193442e-02  9.883516e-01
145414  118.6  -28.6    0.35  184.6  133.2    0.70  0.000000e+00  0.000000e+00
