# WAT Version : 6.3.0.0 - GIT Revision : 96ad788623c4de9d20a6c6a8795c09baa7043d66 - Tag/Branch : cWB-6.3.0 
# trigger 1 in lag 0 for 
nevent:     1
ndim:       3
run:        1
name:       /home/cwb/waveburst/forme_onda/t_hplus_SHT2.2spinf1.txt
rho:        81.985878
netCC:      0.962238
netED:      0.000752
penalty:    1.009400
gnet:       0.680456
anet:       0.482316
inet:       0.000000
likelihood: 5.535631e+04
ecor:       2.712544e+04
ECOR:       1.356974e+04
factor:     4.000000
range:      0.000000
mchirp:     0.000000
norm:       11.887569
usize:      0
ifo:        L1 H1 V1 
eventID:    1 0 
rho:        81.985878 56.455467 
type:       1 1 
rate:       0 0 0 
volume:     3641 1962 0 
size:       2016 2001 0 
lag:        0.000000 0.000000 0.000000 
slag:       0.000000 0.000000 0.000000 
phi:        1.757812 1.521168 310.383118 1.757812 
theta:      70.528778 75.193733 19.471220 70.528778 
psi:        0.000000 97.992172 
iota:       0.000000 -0.711088 
bp:          0.2568  0.1517 -0.7912 
inj_bp:     -0.3668 -0.0221  0.8510 
bx:          0.4393 -0.4811 -0.4475 
inj_bx:     -0.3404  0.5091  0.2087 
chirp:      0.000000 1.200000 0.017362 0.799667 0.724538 0.741507 
range:      0.000000 2.415970 
Deff:       0.000000 0.000000 0.000000 
mass:       0.000000 0.000000 
spin:       0.000000 0.000000 0.000000 0.000000 0.000000 0.000000 
eBBH:       0.000000 0.000000 0.000000 0.000000 
null:       2.776193e+02 2.524071e+02 5.452368e+01 
strain:     1.042254e-21 1.473530e-21 
hrss:       4.184370e-22 2.892024e-22 9.097064e-22 
inj_hrss:   3.937032e-22 2.375931e-23 9.127176e-22 
noise:      8.504552e-23 8.552233e-23 4.911431e-24 
segment:    1164556000.0000 1164556810.0000 1164556000.0000 1164556810.0000 1164556000.0000 1164556810.0000 
start:      1164556494.2500 1164556494.2500 1164556494.2500 
time:       1164556494.9019 1164556494.9068 1164556494.8855 
stop:       1164556495.3750 1164556495.3750 1164556495.3750 
inj_time:   1164556494.8860 1164556494.8914 1164556494.8695 
left:       494.250000 494.250000 494.250000 
right:      314.625000 314.625000 314.625000 
duration:   0.014989 1.125000 
frequency:  759.717285 720.620605 
low:        514.000000 
high:       3200.000000 
bandwidth:  244.045349 2686.000000 
snr:        8.557271e+03 9.927034e+02 4.689941e+04 
xSNR:       8.417135e+03 7.651500e+02 4.669288e+04 
sSNR:       8.279294e+03 5.897577e+02 4.648726e+04 
iSNR:       8017.114258 28.906977 46656.320312 
oSNR:       8279.293945 589.757690 46487.257812 
ioSNR:      8072.751465 30.832428 46260.523438 
netcc:      0.962238 0.961241 0.951087 0.979529 
neted:      20.389771 1550.852417 56449.382812 329568.031250 336339.531250 
erA:        160.718  0.000  0.000  0.000  0.000  0.000  0.000  0.000  0.000  0.000 322832.406 
sky_res:    0.458065
map_lenght: 2
#skyID  theta   DEC     step   phi     R.A    step  probability    cumulative
 65282   70.5   19.5    0.35    1.8  310.4    0.70  1.000000e+00  1.000000e+00
 72962   75.2   14.8    0.35    1.4  310.0    0.70  0.000000e+00  0.000000e+00
