# WAT Version : 6.3.0.0 - GIT Revision : 96ad788623c4de9d20a6c6a8795c09baa7043d66 - Tag/Branch : cWB-6.3.0 
# trigger 1 in lag 0 for 
nevent:     1
ndim:       3
run:        1
name:       ../waveform/t_hplus_APR4_q09.txt
rho:        71.909912
netCC:      0.937235
netED:      0.006128
penalty:    1.068691
gnet:       0.687452
anet:       0.471683
inet:       0.000000
likelihood: 4.581944e+04
ecor:       2.208815e+04
ECOR:       1.105248e+04
factor:     4.000000
range:      0.000000
mchirp:     0.000000
norm:       12.768964
usize:      0
ifo:        L1 H1 V1 
eventID:    1 0 
rho:        71.909912 53.950977 
type:       1 1 
rate:       0 0 0 
volume:     4289 2209 0 
size:       2297 2277 0 
lag:        0.000000 0.000000 0.000000 
slag:       0.000000 0.000000 0.000000 
phi:        1.757812 1.521168 310.383087 1.757812 
theta:      70.528778 75.193733 19.471220 70.528778 
psi:        0.000000 97.992172 
iota:       0.000000 -0.711088 
bp:          0.2568  0.1517 -0.7912 
inj_bp:     -0.3668 -0.0221  0.8510 
bx:          0.4393 -0.4811 -0.4475 
inj_bx:     -0.3404  0.5091  0.2087 
chirp:      0.000000 1.400000 0.041178 0.789511 0.728837 0.903036 
range:      0.000000 2.415970 
Deff:       0.000000 0.000000 0.000000 
mass:       0.000000 0.000000 
spin:       0.000000 0.000000 0.000000 0.000000 0.000000 0.000000 
eBBH:       0.000000 0.000000 0.000000 0.000000 
null:       3.903344e+02 3.378408e+02 9.771885e+01 
strain:     1.063083e-21 1.473530e-21 
hrss:       4.401738e-22 2.623520e-22 9.314315e-22 
inj_hrss:   4.043596e-22 2.441123e-23 9.381552e-22 
noise:      7.764475e-23 7.720305e-23 5.923071e-24 
segment:    1164556000.0000 1164556810.0000 1164556000.0000 1164556810.0000 1164556000.0000 1164556810.0000 
start:      1164556494.2500 1164556494.2500 1164556494.2500 
time:       1164556494.9002 1164556494.9051 1164556494.8838 
stop:       1164556496.1250 1164556496.1250 1164556496.1250 
inj_time:   1164556494.8839 1164556494.8893 1164556494.8675 
left:       494.250000 494.250000 494.250000 
right:      313.875000 313.875000 313.875000 
duration:   0.013928 1.875000 
frequency:  947.565186 881.954285 
low:        514.000000 
high:       3968.000000 
bandwidth:  406.326019 3454.000000 
snr:        6.982419e+03 1.166463e+03 3.906034e+04 
xSNR:       6.701572e+03 8.891160e+02 3.888462e+04 
sSNR:       6.432021e+03 6.777134e+02 3.870970e+04 
iSNR:       6179.158691 22.581678 38718.738281 
oSNR:       6432.021484 677.713440 38709.703125 
ioSNR:      6227.200684 24.969061 38431.789062 
netcc:      0.937235 0.926718 0.919124 0.973482 
neted:      135.349976 1939.076782 47209.218750 295010.312500 302703.656250 
erA:        161.147  0.000  0.000  0.000  0.000  0.000  0.000  0.000  0.000  0.000 287196.875 
sky_res:    0.458065
map_lenght: 2
#skyID  theta   DEC     step   phi     R.A    step  probability    cumulative
 65282   70.5   19.5    0.35    1.8  310.4    0.70  1.000000e+00  1.000000e+00
 72962   75.2   14.8    0.35    1.4  310.0    0.70  0.000000e+00  0.000000e+00
