# WAT Version : 6.3.0.0 - GIT Revision : 96ad788623c4de9d20a6c6a8795c09baa7043d66 - Tag/Branch : cWB-6.3.0 
# trigger 1 in lag 0 for 
nevent:     1
ndim:       3
run:        1
name:       ../waveform/t_hplus_APR4_q09.txt
rho:        17.876652
netCC:      0.845876
netED:      0.024333
penalty:    1.116456
gnet:       0.680147
anet:       0.201944
inet:       0.000000
likelihood: 1.898495e+03
ecor:       1.392778e+03
ECOR:       7.135823e+02
factor:     3.000000
range:      0.000000
mchirp:     0.000000
norm:       10.241050
usize:      0
ifo:        L1 H1 V1 
eventID:    1 0 
rho:        17.876652 13.292164 
type:       1 1 
rate:       0 0 0 
volume:     799 351 0 
size:       356 355 0 
lag:        0.000000 0.000000 0.000000 
slag:       0.000000 0.000000 0.000000 
phi:        219.726562 184.606262 168.351837 219.726562 
theta:      66.682045 118.861694 23.317957 66.682045 
psi:        0.000000 27.705667 
iota:       0.000000 0.459513 
bp:          0.1140  0.1036 -0.1758 
inj_bp:     -0.2533  0.4693 -0.0464 
bx:         -0.7290  0.8783  0.2548 
inj_bx:     -0.4171  0.1152  0.9631 
chirp:      0.000000 1.400000 0.052169 0.772611 0.859195 0.926183 
range:      0.000000 5.058490 
Deff:       0.000000 0.000000 0.000000 
mass:       0.000000 0.000000 
spin:       0.000000 0.000000 0.000000 0.000000 0.000000 0.000000 
eBBH:       0.000000 0.000000 0.000000 0.000000 
null:       4.128365e+01 1.455547e+01 9.498877e+01 
strain:     1.956932e-22 7.037668e-22 
hrss:       9.849051e-23 1.653964e-22 3.520591e-23 
inj_hrss:   1.072713e-22 1.987666e-22 1.966786e-23 
noise:      4.478581e-24 4.515117e-24 4.166489e-24 
segment:    1164556000.0000 1164556810.0000 1164556000.0000 1164556810.0000 1164556000.0000 1164556810.0000 
start:      1164556494.6250 1164556494.6250 1164556494.6250 
time:       1164556494.8986 1164556494.8951 1164556494.9204 
stop:       1164556495.3750 1164556495.3750 1164556495.3750 
inj_time:   1164556494.8958 1164556494.8923 1164556494.9126 
left:       494.625000 494.625000 494.625000 
right:      314.625000 314.625000 314.625000 
duration:   0.011070 0.750000 
frequency:  787.786438 743.616882 
low:        528.000000 
high:       1664.000000 
bandwidth:  123.647949 1136.000000 
snr:        5.541949e+02 1.398025e+03 2.001449e+02 
xSNR:       5.170428e+02 1.373520e+03 1.155148e+02 
sSNR:       4.823813e+02 1.349443e+03 6.667009e+01 
iSNR:       437.131897 1486.900269 17.298151 
oSNR:       482.381287 1349.443115 66.670090 
ioSNR:      424.207428 1341.779053 6.566990 
netcc:      0.845876 0.810700 0.848864 0.915395 
neted:      33.890839 321.968231 2152.365234 9829.768555 11070.863281 
erA:        105.401  0.000  0.000  0.000  0.458  0.458  0.458  0.648  0.793  0.916 8999.171 
sky_res:    0.458065
map_lenght: 9
#skyID  theta   DEC     step   phi     R.A    step  probability    cumulative
 59448   66.7   23.3    0.35  219.7  168.4    0.70  3.714969e-01  3.714969e-01
 79920   79.2   10.8    0.35  214.1  162.7    0.70  3.034638e-01  6.749607e-01
 51260   61.4   28.6    0.35  222.5  171.2    0.70  9.552106e-02  7.704817e-01
 65590   70.5   19.5    0.35  218.3  166.9    0.70  8.307143e-02  8.535532e-01
 45118   57.2   32.8    0.35  223.9  172.6    0.70  6.598953e-02  9.195427e-01
 36930   51.3   38.7    0.35  226.8  175.4    0.70  3.071739e-02  9.502601e-01
 53306   62.7   27.3    0.35  221.1  169.8    0.70  2.079437e-02  9.710545e-01
 30818   46.6   43.4    0.35  228.3  176.9    0.73  1.893600e-02  9.899905e-01
145414  118.6  -28.6    0.35  184.6  133.2    0.70  0.000000e+00  0.000000e+00
