# WAT Version : 6.3.0.0 - GIT Revision : 96ad788623c4de9d20a6c6a8795c09baa7043d66 - Tag/Branch : cWB-6.3.0 
# trigger 1 in lag 0 for 
nevent:     1
ndim:       3
run:        1
name:       /home/cwb/waveburst/forme_onda/t_hplus_SHT2.2spinf1.txt
rho:        35.299759
netCC:      0.935069
netED:      0.008846
penalty:    1.111279
gnet:       0.567491
anet:       0.268229
inet:       0.000000
likelihood: 5.303049e+03
ecor:       5.508701e+03
ECOR:       2.769470e+03
factor:     2.000000
range:      0.000000
mchirp:     0.000000
norm:       10.479647
usize:      0
ifo:        L1 H1 V1 
eventID:    1 0 
rho:        35.299759 25.514677 
type:       1 1 
rate:       0 0 0 
volume:     1264 607 0 
size:       615 612 0 
lag:        0.000000 0.000000 0.000000 
slag:       0.000000 0.000000 0.000000 
phi:        315.351562 315.072632 263.976868 315.351562 
theta:      76.751984 75.710701 13.248014 76.751984 
psi:        0.000000 179.116806 
iota:       0.000000 -0.956404 
bp:          0.7092 -0.3310 -0.5313 
inj_bp:      0.7174 -0.3404 -0.5424 
bx:          0.0332 -0.1409  0.2160 
inj_bx:      0.0615 -0.1607  0.2146 
chirp:      0.000000 2.200000 0.024835 0.755148 0.810316 0.916164 
range:      0.000000 10.342900 
Deff:       0.000000 0.000000 0.000000 
mass:       0.000000 0.000000 
spin:       0.000000 0.000000 0.000000 0.000000 0.000000 0.000000 
eBBH:       0.000000 0.000000 0.000000 0.000000 
null:       6.290523e+01 1.262400e+02 2.802068e+01 
strain:     3.116370e-22 3.441971e-22 
hrss:       2.208436e-22 1.193078e-22 1.846927e-22 
inj_hrss:   2.287195e-22 1.084943e-22 1.729357e-22 
noise:      3.701881e-23 3.802513e-23 4.224456e-24 
segment:    1164556000.0000 1164556810.0000 1164556000.0000 1164556810.0000 1164556000.0000 1164556810.0000 
start:      1164556494.6250 1164556494.6250 1164556494.6250 
time:       1164556494.9019 1164556494.9095 1164556494.9049 
stop:       1164556495.3750 1164556495.3750 1164556495.3750 
inj_time:   1164556494.9026 1164556494.9101 1164556494.9056 
left:       494.625000 494.625000 494.625000 
right:      314.625000 314.625000 314.625000 
duration:   0.013658 0.750000 
frequency:  721.554565 650.827209 
low:        514.000000 
high:       2176.000000 
bandwidth:  142.649658 1662.000000 
snr:        2.955188e+03 8.119105e+02 1.888693e+03 
xSNR:       2.803438e+03 7.508660e+02 1.918687e+03 
sSNR:       2.659479e+03 6.944111e+02 1.949158e+03 
iSNR:       2714.076416 599.680054 1695.880249 
oSNR:       2659.479004 694.411133 1949.158447 
ioSNR:      2620.843750 597.121094 1742.952515 
netcc:      0.935069 0.918611 0.963289 0.957218 
neted:      48.728912 478.683716 5655.791504 27514.125000 29716.859375 
erA:        159.941  0.000  0.000  0.000  0.000  0.000  0.000  0.000  0.000  0.000 26338.625 
sky_res:    0.458065
map_lenght: 2
#skyID  theta   DEC     step   phi     R.A    step  probability    cumulative
 75968   76.8   13.2    0.35  315.4  264.0    0.70  1.000000e+00  1.000000e+00
 74432   75.8   14.2    0.35  315.0  263.6    0.70  0.000000e+00  0.000000e+00
