# WAT Version : 6.3.0.0 - GIT Revision : 96ad788623c4de9d20a6c6a8795c09baa7043d66 - Tag/Branch : cWB-6.3.0 
# trigger 1 in lag 0 for 
nevent:     1
ndim:       3
run:        1
name:       ../waveform/t_hplus_APR4_q09.txt
rho:        68.981758
netCC:      0.933200
netED:      0.022124
penalty:    1.521024
gnet:       0.448199
anet:       0.264720
inet:       0.000000
likelihood: 2.950516e+04
ecor:       2.868627e+04
ECOR:       1.447554e+04
factor:     5.000000
range:      0.000000
mchirp:     0.000000
norm:       12.830862
usize:      0
ifo:        L1 H1 V1 
eventID:    1 0 
rho:        68.981758 51.497875 
type:       1 1 
rate:       0 0 0 
volume:     3475 1794 0 
size:       1838 1824 0 
lag:        0.000000 0.000000 0.000000 
slag:       0.000000 0.000000 0.000000 
phi:        153.632812 152.140640 102.258095 153.632812 
theta:      51.317814 55.628723 38.682186 51.317814 
psi:        0.000000 171.500946 
iota:       0.000000 -0.157952 
bp:         -0.0825  0.4622 -0.3026 
inj_bp:     -0.0891  0.4606 -0.3903 
bx:          0.2823 -0.2656  0.3705 
inj_bx:      0.2421 -0.1098  0.2512 
chirp:      0.000000 1.400000 0.050465 0.787464 0.731707 0.898770 
range:      0.000000 1.294670 
Deff:       0.000000 0.000000 0.000000 
mass:       0.000000 0.000000 
spin:       0.000000 0.000000 0.000000 0.000000 0.000000 0.000000 
eBBH:       0.000000 0.000000 0.000000 0.000000 
null:       5.647447e+02 1.444274e+02 4.002396e+02 
strain:     8.712369e-22 2.749736e-21 
hrss:       2.189077e-22 6.983015e-22 4.727664e-22 
inj_hrss:   1.247299e-22 6.449362e-22 5.465931e-22 
noise:      4.108993e-23 4.107171e-23 5.562450e-24 
segment:    1164556000.0000 1164556810.0000 1164556000.0000 1164556810.0000 1164556000.0000 1164556810.0000 
start:      1164556494.5000 1164556494.5000 1164556494.5000 
time:       1164556494.8992 1164556494.8896 1164556494.9003 
stop:       1164556495.5000 1164556495.5000 1164556495.5000 
inj_time:   1164556494.8941 1164556494.8843 1164556494.8950 
left:       494.500000 494.500000 494.500000 
right:      314.500000 314.500000 314.500000 
duration:   0.012592 1.000000 
frequency:  894.010803 843.733582 
low:        514.000000 
high:       3776.000000 
bandwidth:  359.221039 3262.000000 
snr:        1.279458e+03 1.639057e+04 1.382891e+04 
xSNR:       1.397960e+03 1.706514e+04 1.188262e+04 
sSNR:       1.527437e+03 1.776747e+04 1.021025e+04 
iSNR:       590.628235 15546.123047 13210.229492 
oSNR:       1527.437256 17767.474609 10210.248047 
ioSNR:      825.201172 16466.162109 11470.165039 
netcc:      0.933200 0.879374 0.949670 0.941048 
neted:      634.641113 1832.267090 31498.933594 193279.671875 202545.109375 
erA:         0.648  0.000  0.000  0.000  0.000  0.000  0.000  0.000  0.000  0.000 181893.125 
sky_res:    0.458065
map_lenght: 2
#skyID  theta   DEC     step   phi     R.A    step  probability    cumulative
 36826   51.3   38.7    0.35  153.6  102.3    0.70  1.000000e+00  1.000000e+00
 42968   55.8   34.2    0.35  152.2  100.9    0.70  6.149035e-19  0.000000e+00
