# WAT Version : 6.3.0.0 - GIT Revision : 96ad788623c4de9d20a6c6a8795c09baa7043d66 - Tag/Branch : cWB-6.3.0 
# trigger 1 in lag 0 for 
nevent:     1
ndim:       3
run:        1
name:       ../waveform/t_hplus_APR4_q09.txt
rho:        31.167004
netCC:      0.921699
netED:      0.013264
penalty:    1.147259
gnet:       0.566773
anet:       0.270823
inet:       0.000000
likelihood: 4.148007e+03
ecor:       4.427217e+03
ECOR:       2.228854e+03
factor:     2.000000
range:      0.000000
mchirp:     0.000000
norm:       11.575931
usize:      0
ifo:        L1 H1 V1 
eventID:    1 0 
rho:        31.167004 23.281429 
type:       1 1 
rate:       0 0 0 
volume:     1193 609 0 
size:       617 613 0 
lag:        0.000000 0.000000 0.000000 
slag:       0.000000 0.000000 0.000000 
phi:        315.351562 315.072632 263.976837 315.351562 
theta:      76.751984 75.710701 13.248014 76.751984 
psi:        0.000000 179.116806 
iota:       0.000000 -0.956404 
bp:          0.7092 -0.3310 -0.5313 
inj_bp:      0.7174 -0.3404 -0.5424 
bx:          0.0332 -0.1409  0.2160 
inj_bx:      0.0615 -0.1607  0.2146 
chirp:      0.000000 1.400000 0.026240 0.785549 0.787479 0.904238 
range:      0.000000 10.342900 
Deff:       0.000000 0.000000 0.000000 
mass:       0.000000 0.000000 
spin:       0.000000 0.000000 0.000000 0.000000 0.000000 0.000000 
eBBH:       0.000000 0.000000 0.000000 0.000000 
null:       5.049192e+01 1.304435e+02 2.362629e+01 
strain:     2.859823e-22 3.441971e-22 
hrss:       2.030608e-22 1.111775e-22 1.679040e-22 
inj_hrss:   2.349103e-22 1.114442e-22 1.776196e-22 
noise:      5.013490e-24 5.045763e-24 4.301439e-24 
segment:    1164556000.0000 1164556810.0000 1164556000.0000 1164556810.0000 1164556000.0000 1164556810.0000 
start:      1164556494.6250 1164556494.6250 1164556494.6250 
time:       1164556494.8988 1164556494.9063 1164556494.9017 
stop:       1164556495.3750 1164556495.3750 1164556495.3750 
inj_time:   1164556494.9004 1164556494.9079 1164556494.9034 
left:       494.625000 494.625000 494.625000 
right:      314.625000 314.625000 314.625000 
duration:   0.011382 0.750000 
frequency:  803.706360 757.033447 
low:        520.000000 
high:       1664.000000 
bandwidth:  149.724564 1144.000000 
snr:        2.216933e+03 7.010057e+02 1.517022e+03 
xSNR:       2.120467e+03 6.294755e+02 1.535678e+03 
sSNR:       2.028199e+03 5.652443e+02 1.554564e+03 
iSNR:       2088.701416 468.961487 1402.133057 
oSNR:       2028.198730 565.244263 1554.563843 
ioSNR:      1973.719727 457.498596 1373.608887 
netcc:      0.921699 0.897249 0.957219 0.946772 
neted:      58.720978 449.584167 4434.960938 23490.761719 25751.343750 
erA:        160.969  0.000  0.000  0.000  0.000  0.000  0.000  0.000  0.000  0.000 22240.723 
sky_res:    0.458065
map_lenght: 2
#skyID  theta   DEC     step   phi     R.A    step  probability    cumulative
 75968   76.8   13.2    0.35  315.4  264.0    0.70  1.000000e+00  1.000000e+00
 74432   75.8   14.2    0.35  315.0  263.6    0.70  0.000000e+00  0.000000e+00
