# WAT Version : 6.3.0.0 - GIT Revision : 96ad788623c4de9d20a6c6a8795c09baa7043d66 - Tag/Branch : cWB-6.3.0 
# trigger 1 in lag 0 for 
nevent:     1
ndim:       3
run:        1
name:       ../waveform/t_hplus_APR4_q09.txt
rho:        32.383533
netCC:      0.899980
netED:      0.031105
penalty:    1.391776
gnet:       0.607421
anet:       0.133956
inet:       0.000000
likelihood: 4.738283e+03
ecor:       5.661736e+03
ECOR:       2.919093e+03
factor:     1.000000
range:      0.000000
mchirp:     0.000000
norm:       11.541001
usize:      0
ifo:        L1 H1 V1 
eventID:    1 0 
rho:        32.383533 24.249504 
type:       1 1 
rate:       0 0 0 
volume:     1420 681 0 
size:       700 689 0 
lag:        0.000000 0.000000 0.000000 
slag:       0.000000 0.000000 0.000000 
phi:        146.250000 145.365631 94.875275 146.250000 
theta:      25.051916 26.053856 64.948082 25.051916 
psi:        0.000000 135.073029 
iota:       0.000000 -0.092063 
bp:         -0.0993  0.3529 -0.2341 
inj_bp:     -0.5187  0.6073 -0.5383 
bx:          0.5211 -0.6057  0.5331 
inj_bx:     -0.0827  0.3368 -0.2111 
chirp:      0.000000 1.400000 0.028268 0.789253 0.771386 0.900170 
range:      0.000000 5.054800 
Deff:       0.000000 0.000000 0.000000 
mass:       0.000000 0.000000 
spin:       0.000000 0.000000 0.000000 0.000000 0.000000 0.000000 
eBBH:       0.000000 0.000000 0.000000 0.000000 
null:       1.079228e+02 7.347009e+01 1.901414e+02 
strain:     3.176815e-22 7.042808e-22 
hrss:       1.604088e-22 2.156404e-22 1.693805e-22 
inj_hrss:   1.830581e-22 2.142997e-22 1.899686e-22 
noise:      5.417860e-24 5.466354e-24 4.410982e-24 
segment:    1164556000.0000 1164556810.0000 1164556000.0000 1164556810.0000 1164556000.0000 1164556810.0000 
start:      1164556494.5000 1164556494.5000 1164556494.5000 
time:       1164556494.8976 1164556494.8897 1164556494.8946 
stop:       1164556495.3750 1164556495.3750 1164556495.3750 
inj_time:   1164556494.8949 1164556494.8868 1164556494.8917 
left:       494.500000 494.500000 494.500000 
right:      314.625000 314.625000 314.625000 
duration:   0.012649 0.875000 
frequency:  833.982178 782.062500 
low:        520.000000 
high:       2432.000000 
bandwidth:  163.443680 1912.000000 
snr:        1.482213e+03 1.931829e+03 1.880466e+03 
xSNR:       1.355543e+03 1.960415e+03 1.684614e+03 
sSNR:       1.239699e+03 1.989424e+03 1.509160e+03 
iSNR:       1270.132446 1727.952637 1604.219238 
oSNR:       1239.699463 1989.424194 1509.159790 
ioSNR:      1182.613037 1759.993896 1440.425049 
netcc:      0.899980 0.839005 0.953577 0.900071 
neted:      176.108826 619.231628 5294.507812 27426.015625 30748.460938 
erA:        201.949  0.000  0.000  0.000  0.000  0.000  0.000  0.000  0.000  0.000 24687.533 
sky_res:    0.458065
map_lenght: 2
#skyID  theta   DEC     step   phi     R.A    step  probability    cumulative
  9222   25.1   64.9    0.35  146.2   94.9    1.32  9.999964e-01  9.999964e-01
 10054   26.2   63.8    0.35  145.1   93.8    1.27  0.000000e+00  0.000000e+00
