# WAT Version : 6.3.0.0 - GIT Revision : 96ad788623c4de9d20a6c6a8795c09baa7043d66 - Tag/Branch : cWB-6.3.0 
# trigger 1 in lag 0 for 
nevent:     1
ndim:       3
run:        1
name:       ../waveform/t_hplus_APR4_q09.txt
rho:        31.900103
netCC:      0.966638
netED:      0.003228
penalty:    1.074918
gnet:       0.577577
anet:       0.283577
inet:       0.000000
likelihood: 3.902865e+03
ecor:       4.365445e+03
ECOR:       2.187708e+03
factor:     2.000000
range:      0.000000
mchirp:     0.000000
norm:       7.214420
usize:      0
ifo:        L1 H1 V1 
eventID:    1 0 
rho:        31.900103 9.827887 
type:       1 1 
rate:       0 0 0 
volume:     585 183 0 
size:       186 186 0 
lag:        0.000000 0.000000 0.000000 
slag:       0.000000 0.000000 0.000000 
phi:        315.000000 315.072632 263.625275 315.000000 
theta:      75.830475 75.710701 14.169522 75.830475 
psi:        0.000000 179.116806 
iota:       0.000000 -0.956404 
bp:          0.7188 -0.3449 -0.5337 
inj_bp:      0.7174 -0.3404 -0.5424 
bx:          0.0373 -0.1477  0.2307 
inj_bx:      0.0615 -0.1607  0.2146 
chirp:      0.000000 1.400000 0.083800 0.329592 0.609890 0.873740 
range:      0.000000 10.342900 
Deff:       0.000000 0.000000 0.000000 
mass:       0.000000 0.000000 
spin:       0.000000 0.000000 0.000000 0.000000 0.000000 0.000000 
eBBH:       0.000000 0.000000 0.000000 0.000000 
null:       2.313182e+01 4.739362e+01 1.111214e+01 
strain:     2.791884e-22 3.441971e-22 
hrss:       2.052230e-22 1.046785e-22 1.577089e-22 
inj_hrss:   2.351029e-22 1.115326e-22 1.777484e-22 
noise:      6.582488e-24 6.623464e-24 4.475513e-24 
segment:    1164556000.0000 1164556810.0000 1164556000.0000 1164556810.0000 1164556000.0000 1164556810.0000 
start:      1164556494.8438 1164556494.8438 1164556494.8438 
time:       1164556494.8988 1164556494.9062 1164556494.9018 
stop:       1164556494.9531 1164556494.9531 1164556494.9531 
inj_time:   1164556494.9003 1164556494.9078 1164556494.9033 
left:       494.843750 494.843750 494.843750 
right:      315.046875 315.046875 315.046875 
duration:   0.005973 0.109375 
frequency:  804.142456 792.679260 
low:        528.000000 
high:       1728.000000 
bandwidth:  199.107620 1200.000000 
snr:        2.068154e+03 5.429012e+02 1.406009e+03 
xSNR:       2.049911e+03 5.200430e+02 1.389350e+03 
sSNR:       2.031830e+03 4.981472e+02 1.372888e+03 
iSNR:       2050.650146 455.026184 1397.805176 
oSNR:       2031.829590 498.147186 1372.888062 
ioSNR:      1984.166382 450.491455 1305.664795 
netcc:      0.966638 0.960347 0.979219 0.984202 
neted:      14.089645 198.051941 4017.063965 13920.603516 14520.849609 
erA:         0.458  0.000  0.000  0.000  0.000  0.000  0.000  0.458  0.458  0.458 13701.448 
sky_res:    0.458065
map_lenght: 2
#skyID  theta   DEC     step   phi     R.A    step  probability    cumulative
 74432   75.8   14.2    0.35  315.0  263.6    0.70  6.905304e-01  6.905304e-01
 74432   75.8   14.2    0.35  315.0  263.6    0.70  6.905304e-01  0.000000e+00
