# WAT Version : 6.3.0.0 - GIT Revision : 96ad788623c4de9d20a6c6a8795c09baa7043d66 - Tag/Branch : cWB-6.3.0 
# trigger 1 in lag 0 for 
nevent:     1
ndim:       3
run:        1
name:       /home/cwb/waveburst/forme_onda/t_hplus_SHT2.2spinf1.txt
rho:        21.712856
netCC:      0.888188
netED:      0.004200
penalty:    1.020996
gnet:       0.683745
anet:       0.199836
inet:       0.000000
likelihood: 2.614957e+03
ecor:       1.894121e+03
ECOR:       9.626937e+02
factor:     3.000000
range:      0.000000
mchirp:     0.000000
norm:       9.838037
usize:      0
ifo:        L1 H1 V1 
eventID:    1 0 
rho:        21.712856 15.490111 
type:       1 1 
rate:       0 0 0 
volume:     900 403 0 
size:       415 408 0 
lag:        0.000000 0.000000 0.000000 
slag:       0.000000 0.000000 0.000000 
phi:        219.726562 184.606262 168.351852 219.726562 
theta:      66.682045 118.861694 23.317957 66.682045 
psi:        0.000000 27.705667 
iota:       0.000000 0.459513 
bp:          0.1140  0.1036 -0.1758 
inj_bp:     -0.2533  0.4693 -0.0464 
bx:         -0.7290  0.8783  0.2548 
inj_bx:     -0.4171  0.1152  0.9631 
chirp:      0.000000 1.600000 0.029352 0.749040 0.835000 0.907121 
range:      0.000000 5.058490 
Deff:       0.000000 0.000000 0.000000 
mass:       0.000000 0.000000 
spin:       0.000000 0.000000 0.000000 0.000000 0.000000 0.000000 
eBBH:       0.000000 0.000000 0.000000 0.000000 
null:       4.567564e+01 1.871531e+01 7.812917e+01 
strain:     2.221079e-22 7.037668e-22 
hrss:       1.126093e-22 1.882971e-22 3.457263e-23 
inj_hrss:   1.044443e-22 1.934164e-22 1.913994e-23 
noise:      7.209713e-24 6.842861e-24 4.128039e-24 
segment:    1164556000.0000 1164556810.0000 1164556000.0000 1164556810.0000 1164556000.0000 1164556810.0000 
start:      1164556494.6250 1164556494.6250 1164556494.6250 
time:       1164556494.9022 1164556494.8987 1164556494.9240 
stop:       1164556495.2500 1164556495.2500 1164556495.2500 
inj_time:   1164556494.8983 1164556494.8948 1164556494.9151 
left:       494.625000 494.625000 494.625000 
right:      314.750000 314.750000 314.750000 
duration:   0.013116 0.625000 
frequency:  726.102417 650.191345 
low:        516.000000 
high:       1920.000000 
bandwidth:  125.495743 1404.000000 
snr:        6.839475e+02 1.976292e+03 1.932982e+02 
xSNR:       6.793760e+02 1.922758e+03 1.158621e+02 
sSNR:       6.748351e+02 1.870674e+03 6.944722e+01 
iSNR:       567.515991 1903.980713 20.862524 
oSNR:       674.835083 1870.674316 69.447220 
ioSNR:      581.799072 1826.731567 5.539307 
netcc:      0.888188 0.882344 0.890805 0.934631 
neted:      7.955200 346.840576 2853.538086 12773.693359 14156.419922 
erA:        105.201  0.000  0.000  0.000  0.000  0.458  0.458  0.648  0.648  0.793 11939.607 
sky_res:    0.458065
map_lenght: 6
#skyID  theta   DEC     step   phi     R.A    step  probability    cumulative
 59448   66.7   23.3    0.35  219.7  168.4    0.70  4.896686e-01  4.896686e-01
 79920   79.2   10.8    0.35  214.1  162.7    0.70  2.017219e-01  6.913905e-01
 53306   62.7   27.3    0.35  221.1  169.8    0.70  1.697193e-01  8.611098e-01
 45118   57.2   32.8    0.35  223.9  172.6    0.70  8.688923e-02  9.479991e-01
 65590   70.5   19.5    0.35  218.3  166.9    0.70  2.429749e-02  9.722965e-01
145414  118.6  -28.6    0.35  184.6  133.2    0.70  0.000000e+00  0.000000e+00
