# WAT Version : 6.3.0.0 - GIT Revision : 96ad788623c4de9d20a6c6a8795c09baa7043d66 - Tag/Branch : cWB-6.3.0 
# trigger 1 in lag 0 for 
nevent:     1
ndim:       3
run:        1
name:       /home/cwb/waveburst/forme_onda/t_hplus_SHT2.2spinf1.txt
rho:        73.052765
netCC:      0.944951
netED:      0.018853
penalty:    1.592014
gnet:       0.447143
anet:       0.268170
inet:       0.000000
likelihood: 3.540628e+04
ecor:       3.368856e+04
ECOR:       1.699223e+04
factor:     5.000000
range:      0.000000
mchirp:     0.000000
norm:       11.779256
usize:      0
ifo:        L1 H1 V1 
eventID:    1 0 
rho:        73.052765 54.574276 
type:       1 1 
rate:       0 0 0 
volume:     2826 1574 0 
size:       1611 1597 0 
lag:        0.000000 0.000000 0.000000 
slag:       0.000000 0.000000 0.000000 
phi:        153.632812 152.140640 102.258110 153.632812 
theta:      51.317814 55.628723 38.682186 51.317814 
psi:        0.000000 171.500946 
iota:       0.000000 -0.157952 
bp:         -0.0825  0.4622 -0.3026 
inj_bp:     -0.0891  0.4606 -0.3903 
bx:          0.2823 -0.2656  0.3705 
inj_bx:      0.2421 -0.1098  0.2512 
chirp:      0.000000 2.200000 0.021231 0.782873 0.721022 0.910584 
range:      0.000000 1.294670 
Deff:       0.000000 0.000000 0.000000 
mass:       0.000000 0.000000 
spin:       0.000000 0.000000 0.000000 0.000000 0.000000 0.000000 
eBBH:       0.000000 0.000000 0.000000 0.000000 
null:       4.601172e+02 1.288208e+02 4.564009e+02 
strain:     8.285462e-22 2.749736e-21 
hrss:       2.012930e-22 6.611810e-22 4.569569e-22 
inj_hrss:   1.214428e-22 6.279523e-22 5.322964e-22 
noise:      3.463968e-23 3.498844e-23 4.663734e-24 
segment:    1164556000.0000 1164556810.0000 1164556000.0000 1164556810.0000 1164556000.0000 1164556810.0000 
start:      1164556494.3750 1164556494.3750 1164556494.3750 
time:       1164556494.9016 1164556494.8919 1164556494.9026 
stop:       1164556495.3750 1164556495.3750 1164556495.3750 
inj_time:   1164556494.8960 1164556494.8862 1164556494.8970 
left:       494.375000 494.375000 494.375000 
right:      314.625000 314.625000 314.625000 
duration:   0.015000 1.000000 
frequency:  735.407959 697.469849 
low:        514.000000 
high:       2688.000000 
bandwidth:  205.660492 2174.000000 
snr:        1.318014e+03 2.034647e+04 1.605016e+04 
xSNR:       1.521622e+03 2.108123e+04 1.376609e+04 
sSNR:       1.756684e+03 2.184253e+04 1.180707e+04 
iSNR:       766.907410 19913.697266 15959.563477 
oSNR:       1756.683716 21842.533203 11807.066406 
ioSNR:      1049.931519 20714.636719 13525.832031 
netcc:      0.944951 0.895300 0.955961 0.945348 
neted:      635.126587 1694.392578 37714.644531 213981.781250 222561.812500 
erA:         0.648  0.000  0.000  0.000  0.000  0.000  0.000  0.000  0.000  0.000 202296.250 
sky_res:    0.458065
map_lenght: 2
#skyID  theta   DEC     step   phi     R.A    step  probability    cumulative
 36826   51.3   38.7    0.35  153.6  102.3    0.70  1.000000e+00  1.000000e+00
 42968   55.8   34.2    0.35  152.2  100.9    0.70  3.550345e-22  0.000000e+00
